1.31556 1.09614 0.31216
1.39079 1.11323 0.200166
1.48 1.12556 0.105861
1.57628 1.1272 0.0115432
1.66612 1.12259 -0.0826618
1.76045 1.10631 -0.176921
1.8502 1.08252 -0.270899
1.89111 1.06958 -0.365172
1.90615 1.06128 -0.49074
1.98523 1.01018 -0.585106
2.05683 0.955994 -0.679124
2.12472 0.890004 -0.773383
2.18511 0.819957 -0.867693
2.23875 0.747968 -0.961702
2.28556 0.67097 -1.05606
2.3245 0.584974 -1.15029
2.35479 0.498067 -1.24423
2.37826 0.411136 -1.33852
2.39144 0.318008 -1.43276
2.39615 0.225927 -1.52706
2.39444 0.136005 -1.62124
2.38099 0.0431402 -1.71553
2.36181 -0.0466035 -1.76008
2.34123 -0.164826 -1.7105
2.33082 -0.257265 -1.61626
2.3304 -0.348869 -1.52197
2.34042 -0.438287 -1.42776
2.35829 -0.526537 -1.35187
2.38117 -0.648169 -1.35187
2.40725 -0.76539 -1.35187
2.4281 -0.868754 -1.35187
2.43944 -0.946629 -1.43294
2.44618 -1.03613 -1.52692
2.44448 -1.12608 -1.62113
2.4319 -1.21864 -1.71545
2.41766 -1.29004 -1.80972
2.41543 -1.2914 -1.93527
2.39485 -1.33381 -2.02921
2.35004 -1.41185 -2.12344
2.29516 -1.48583 -2.21773
2.23412 -1.55385 -2.31196
2.16933 -1.61629 -2.40618
2.1191 -1.65363 -2.50041
2.04372 -1.70284 -2.59468
1.96173 -1.74366 -2.68887
1.89254 -1.77068 -2.76492
1.78856 -1.80674 -2.8143
1.65053 -1.84384 -2.87726
1.51417 -1.87395 -2.93992
1.37047 -1.89658 -2.96666
1.22977 -1.92617 -2.90378
1.13428 -1.9529 -2.87744
1.13156 -1.95226 -3.00299
1.09143 -1.95225 -3.1286
1.02179 -1.95097 3.12333
0.881943 -1.94181 3.06045
0.739106 -1.92171 2.99747
0.59857 -1.89272 2.9348
0.46326 -1.8576 2.87207
0.325722 -1.81013 2.80909
0.192797 -1.75507 2.74622
0.0666412 -1.69531 2.68359
-0.0592787 -1.62509 2.63875
-0.181571 -1.55783 2.63875
-0.307326 -1.4856 2.63875
-0.433359 -1.41399 2.63875
-0.458213 -1.40032 2.52654
-0.458213 -1.40032 2.40098
-0.458213 -1.40032 2.27542
-0.458213 -1.40032 2.14951
-0.458213 -1.40032 2.02394
-0.458213 -1.40032 1.89834
-0.458213 -1.40032 1.77302
-0.458213 -1.40032 1.64715
-0.458213 -1.40032 1.52161
-0.458213 -1.40032 1.39608
-0.445725 -1.36184 1.27038
-0.399198 -1.22962 1.2258
-0.349655 -1.09432 1.2258
-0.298978 -0.959261 1.2258
-0.251774 -0.827908 1.2258
-0.197036 -0.695383 1.17666
-0.137142 -0.568585 1.11374
-0.0648681 -0.442313 1.05076
0.0139915 -0.322014 0.987906
0.0963002 -0.209126 0.925221
0.189148 -0.0999812 0.862641
0.285417 0.00224229 0.799638
0.392647 0.099541 0.736975
0.505228 0.189971 0.673867
0.618313 0.271879 0.611217
0.740467 0.347084 0.54857
0.863459 0.414492 0.485641
0.995545 0.473934 0.422957
1.13113 0.525373 0.359579
1.26344 0.568135 0.29719
1.40277 0.601913 0.234579
1.54044 0.628028 0.171708
1.57526 0.63111 0.0773245
1.61531 0.6299 -0.0166591
1.71497 0.624714 -0.0614311
1.82465 0.613238 -0.110903
1.92906 0.594799 -0.155622
1.99782 0.584012 -0.0744968
1.99782 0.584012 0.0511062
1.99782 0.584012 -0.0791523
1.99782 0.584012 -0.204837
1.99782 0.584012 -0.312487
1.99782 0.584012 -0.312487
